0.1603221446275711,1.0
0.16149663925170898,1.0
8.673033335071523e-06,1.0
4.691004050982883e-06,1.0
5.7330703384650405e-06,1.0
8.56545830174582e-06,1.0
9.56973326537991e-06,1.0
6.960784048715141e-06,1.0
8.749502740101889e-06,1.0
6.24964604867273e-06,1.0
7.709414603596088e-06,1.0
0.16083237528800964,1.0
1.574183625052683e-05,1.0
3.022141390829347e-05,1.0
1.8393089703749865e-05,1.0
3.1153853342402726e-05,1.0
5.955833330517635e-05,1.0
6.0299695178400725e-05,1.0
3.9138882129918784e-05,1.0
2.1575362552539445e-05,1.0
6.635982572333887e-05,1.0
4.966430788044818e-05,1.0
6.425853644032031e-05,1.0
9.028120985021815e-05,1.0
0.00012278110079932958,1.0
0.00018985080532729626,1.0
2.4140963432728313e-05,1.0
0.003402331145480275,1.0
0.08546044677495956,1.0
0.0026232462842017412,1.0
0.00043703714618459344,1.0
0.0004786737554240972,1.0
